21 21
23 20
25 21
27 20
26 18
24 19
23 17
24 15
22 16
23 18
24 16
26 15
24 14
25 16
27 15
29 14
28 16
30 15
29 13
27 12
26 14
25 12
23 13
21 14
23 15
25 14
26 12
27 14
25 13
23 14
22 12
24 13
25 15
23 16
21 17
20 19
22 20
23 22
21 23
22 21
21 19
19 18
20 20
19 22
18 24
16 25
14 24
12 23
10 22
11 20
9 21
8 19
7 17
8 15
7 13
5 14
6 16
7 14
8 16
7 18
5 17
7 16
6 18
4 17
5 15
6 17
8 18
9 20
8 22
7 20
5 21
3 20
2 18
0 19
1 17
2 15
4 16
2 17
3 19
4 21
2 20
1 18
0 16
1 14
0 12
2 13
3 11
5 10
6 12
8 11
6 10
4 9
2 10
1 12
0 14
1 16
3 15
4 13
2 14
4 15
2 16
0 17
1 19
2 21
4 22
5 24
7 25
9 26
8 24
6 25
5 23
4 25
2 24
3 26
1 25
2 23
0 22
1 24
2 26
4 27
3 29
5 28
4 26
2 25
0 26
1 28
3 27
5 26
7 27
8 29
9 31
7 30
9 29
10 31
12 30
14 29
15 27
13 28
12 26
13 24
11 25
9 24
8 26
7 28
6 26
7 24
9 25
10 27
12 28
13 30
15 31
16 29
17 27
15 26
14 28
12 29
11 31
10 29
9 27
11 26
13 25
15 24
16 26
18 27
16 28
14 27
15 29
14 31
13 29
12 31
14 30
16 31
